0111001011010110101011000
1011011111111101101100100
1111101111100011111000111
1001011111010010101011110
1011100011011110111000011
0101100101001101101010011
1111111111111100000001000
0011000111111100111111101
1011101111111101110110100
1101011001110110000100110
1111001111101110010101111
1000110111111111100111101
1110011111100101010010111
1100011001001101101010100
0011100001001010101111100
0001110001101101111101101
0110011011111110001001000
0110101111110100101101110
1001111111101010011011110
1100101110100010101100010
0111000100001010101010101
0001011110100001110110010
0111111011101000110011011
1101010101011110101010011
1101111000111101110111101
1101011100111101011011111
0000010100000101111101101
1011110101110110010000001
0011010001011000100111101
1011001111101000010101011
0010010000011101101010000
0000111001000110110100100
1111010111100111111101010
0101111001110101110110001
0100001110011000110101100
0111100110000010000101100
1011010001010011000111111
1101110000001001110111110
1110000110101100010001011
1011101101011110000100000
0010010000001000001010000
0100000010100011110011100
0010101000110000011100111
0101010100100100001000100
1111000001000011100101000
0110010010101100000000101
0000001010101110110100010
0010101000000001011011110
0110110010000111000010011
0001000010100110011011010
1010110000010111110101001
1111010110010100110011010
0000000010001000000000001
0000101000000100110110000
0000000101000000000010001
1000000100011110010101110
0100101000010100111101011
1100010000000011000110001
0111000111010010010011100
0001110001010110000100101
0000010000001010000011110
1100010100111001011110101
0000011010001001000001101
1100100000001000010010010
0101000100000010000111001
1001110001111001100000000
0110001000110000000101101
1010000101100001100100010
0001100101101011010000100
1000101001110010010010000
0110101010001001010011110
1111010011100101000111001
0100000000101101110000001
0011100101101101100101110
0010001000011000100001000
1010000101101000100000101
1100101001011100101000100
1011010001010110010101101
1111011000000010001110011
0001011101010000011000000
0101010101001110100011100
0011010010111110011100000
1001110011100010001010011
0101100101001011100110000
0010011100001010010100011
0101000011000100001011001
0001000001111000010010011
0101001011010010101100101
1101000110001010011101011
1100101101110110000111100
0110001000100110110001001
0011111111011100001100101
0100101010101011110000111
1101010111110000001010010
1010000010110110001111001
1111110111110001001011111
1000011110010011111101111
1110110000000110111010111
0110100010110011000111000
0110010011011000100100011
1101010010101000101001011
1101000000111011101111011
1101101100010001011011110
1011110111100101000100111
0001100110010101001111011
0111010011000001001110100
1000001010011100010101001
0110000000000000101011110
1010010010111111000011100
0111000000000100110010101
0111101000100111111000010
1001001100100101010001110
0110000011001000101101101
0110011100010010101000000
0001000110000001010100100
1001110100111000100000010
0000010001001010010111100
1001011111110100011011110
0010000101100101000000010
0000001111111001000000111
1010010001001011001000010
1001110010110101100001101
0100111100001001100000000
0011110000110011110110010
0110010010001010101110000
0001010100100111011000010
1010101000000011110101001
1111000000000000000001011
0000001100110100000100111
0110000110000111100000010
1100011110011101110110001
1111000101101011010110001
0000001001101101011011100
1010110110011000110011101
1111100111010000011010000
0100011001101010110001011
0001001100011101101110010
0111000100010001001011001
1100010010100111000111111
0101110010010101010100100
0010111110111101011011111
1001111011110011111101000
1101011110001111000000101
0110000101010110110010011
0010111001110010001000000
0100001100101001000001010
1111011001100100100100100
0110010000110001100000000
0000010010010001000101111
0011001100011110001110000
0000010001010011100010001
1010010011011010100110110
0000000011010010000100010
1010100110000000101101111
1100101001111110100011000
0111110101100010010110110
0010011101000001000110001
1001000000010110000000000
1001010110010010010000100
0111000000100000001101000
0000001100010011001010000
0100010101011001000001011
0000110000000110110010111
1101111010011100000101001
0110111100001101101001001
0101110101001010000000010
1101011111010011100011110
0110111110111000010111011
0110100100011110000011011
0000111110101001001101110
0001111110001011001100011
0101010010001010010110001
1000010011101000001101001
0000101000001111110000010
0001000011000010010110000
1010111100100101011110100
0111101111011000111101011
0100101101010011100100001
1111011000111001001001010
0001011000101010011000010
0000001001010101000110111
1000110001010001000000100
1110001101011000100010010
0011110111000000011101011
0000110100101010100101000
0110011000101000000100000
1111000001010010001011010
0001000100110001001110000
1100001011100001001010010
0010110000001110010010011
0100100000100001011000001
0110011101100111010000100
0000111000111100010100000
1110000000110001100100100
1001111101011101000000100
0010000110010010010100010
0000001001000111100010010
0000010000000100100100000
0010100000101010010000000
0001000100101101110100000
0010110100000000010010101
0001000010111110000011000
0100000110110110101011110
0001010010100000000000000
0000000110010000101101110
0000110010011001110110000
0100001010001100010010100
1000100001000001101101000
0111011100010010011001100
0000100110011001110100110
0100010000010100100000100
0100000000100000110110110
0000000011000110000101000
1010101000010000010110001
0000000000110101111001010
0110011011001011000110111
0000010111001000110111000
1110110011011010000101100
0100111101000011111110011
0000000001110111000010001
0011101000000000000001001
0001100101000110001111110
0101111101001000000011010
0000010000010100100001101
1100000111100011001010000
0000010100000000100000100
0100000010000010110000111
0011001000000100000101100
1111010001011001011111100
0010010001100000010111010
1011000100001100011000000
0000010000100000001001001
1000110100001100110001011
1011001100110100001101010
1010010100001000010000011
0001110110000000100100011
0100000101111011100001000
0100001011100100011010110
1110010110001001001010000
0000001100001000010010110
0
