1011111111010111111111110
1111110111111000111010100
1111101101101011001111011
1010111111110011100110010
1111100110001111111011111
1010111111101010011100010
1001011011111111101110111
0100111111011000110101100
1111011111101111111111101
1011101001111111100111011
0101101101011110111111111
1000000111011010111111011
1111110011111101011110000
1110111100111110011110011
1100111111001011111100010
1101011111100111100111111
1110100110111011000101111
0111001111001110101011011
0101000111110001000110101
1111111111101000001011011
0110010111010101111111111
1011111101100000110111101
1000111101111011111000011
1111000101011110110010111
1011111011101011000010010
1111111001001100101001100
1111110111011001100001111
0010110111111110111111001
1011111101111111011111111
1111101011101100111111111
1010010010011001111110111
0111011101111110101011111
1110000110110101001110011
1010101011111100111111111
0001100111100111100110010
0011111111111110101110111
1111001111101101011110111
1011111011111010110111100
0111011100001101111111101
1000111101111111011110100
1011111100010001011101010
1101001000111111111000100
1101110111010010111111111
0111011101110011100111100
1111111110010111110101110
1111111111111111111101111
1110111111111011111011000
1110111111111111111110001
1011001011011111110101111
1011111100111111111101110
0011011011011110100101001
0101100111101011010111111
1100110001010101111011101
0110001110011001111100101
1100101110010111111111011
1100100110111110011011101
1111101110111100111111100
1111111000010011001100111
0101110110111111011111100
1110011100010010111001011
0111011010101111010111011
1011110111101001110111001
1111111010011000111010011
1111000111100111101100101
1011111110100111100110011
1110111111111011011101010
1111110011111011001101110
1000101011001001101111111
1110111011010101011011101
1100100111011111011111111
1101101110101100101011000
1100101011101111111101111
1111111111011111101110111
0101111011101111110111011
0111011010010111111111111
1111011111111010111101101
1000111111101111101101101
1001110111011111111111001
1111111111011101011100111
1111111100100001001110110
0110001111101101110011111
0011011111111110111010111
1110111111110101100111101
0111101101000101101111100
0111111001111110111111111
1011101011110101001001011
1100101101111011111111001
1011110110101011111011011
0110111100000111001111001
1111111111111111111011110
1110101011111101111111011
0011111011100111011101111
0110111111110001101011111
1111010010110101011111011
0100111110010100001100111
0101111100010001101100110
0011110100110100110001011
0001010111110011111110111
1111111101010110001100011
1010011110011111010110110
1110010101101100110111100
1110100111001101111111111
1111011101111110111000111
1011100011110111001011001
1110110001000010100011001
1101110110111111110101101
0011111010010011101110011
1000100111101101001001011
1111111101110100111000110
0111011101000111101000110
0111011010111101001001011
1000111001010111111110101
0111000011110111101111010
1011111111100101110101010
1001101001101110110001101
1111111111111011111111010
0111110111111110000111101
1111111110011100101011100
1001000011001001111101111
1111110111010111011010001
1101001111111111101101110
1100010110011011001101111
1111110011101011011110011
1111001111010011110001111
1011101111100000111101111
0101111111001111001101001
1111111001111010111111111
1111111111101111110100110
0111110110001111011111110
1101111101111110101111011
1111110111011010111001101
1000011111000101100111101
1100110101111011010111111
1111011011110111111110100
0011110111111111110110011
0101110011111011011001010
1110011100110100111111101
0000111111011111111110111
1011111101100111100111110
1110010111111111110001011
0111101010111110011011001
1001110101000011000111101
1111011111110011111010010
0111111111001111110101111
1111101111100110100110011
1101010011110110111101110
0111010110001110011111011
1111011111000110011110101
1011011111111010101100110
0111111101010111010110111
1011110001101011010111111
1111111101001101011111110
0111111111111110111110111
1111100111011111001011011
1101111000111110111111001
0110001101010110111111111
0111101101001111001001011
1010011101111001111011111
0111111101100101110011111
1111111011111111110101001
1100110100010011111110111
0111110010111111111100101
1101111111011010110011101
1110101101110011101100110
1101001101111111011110101
0011101110111110110011001
1100011011111001100111111
1110101001111111110101111
1011111011010111111111111
1110111011101110111111100
1110111111011001011110111
0011111111001110111001111
0110010001101111100011111
1011110101010110111111011
1011111111111111110010010
0110100001010101100111111
0111111100111100011011101
0111000000010010010111011
1111000101110011001001011
1110110011111000001001111
1011101111111100011100011
1110111111011100111011010
0110001100100101111111110
0101101111110111011110101
1100011111110011011111011
1111101100111110110000111
1101101110101011011011010
1100010101001000101011011
0111001001110010111111001
1110001111111111110001010
0111011111111111111010101
1111101000111111111000111
1110100111010100111111010
1111110110111111101110110
1010010110111101110110110
0011100111001110101011111
0001110110001111011101111
1100111111111001111110110
0111111010001101011101100
1110111111101111110101001
1111111001111000011111010
0111110110001110111110011
1010000110001011111111111
1110111100011111110100111
0110111110001111111101111
0010111101101011111011101
1111110100111111111101111
1111111111111111100011111
1010101111001011011110010
1001110101011110111011111
1110111110110111111111011
0110100011000111101011011
0111011101011011111111111
0111100110110110111011100
0101110111011101101100101
1000111110010110101001010
1110111111111111111101101
1011111011011111011101011
1011101110101000100000101
1100011101010011110101001
1110000010111111101000001
0011111111111111011011101
0111010111111110001011111
1111010011010110111111101
1100100111101110000101010
0100111010011001110011101
1100110111111111111100011
1100111100100011101101110
1101011110011111011101111
1110111000001101111011111
0011110011010110101110101
1111110010111100110011111
0001111110011111011011110
1101100010111111111010111
1110110100100011100101110
0110000101011101011100010
1101011111111111101111111
1111100011111011111101100
0111001110110000111111011
1011111111111111011111111
1
