0001001101100100110111011
1010010110000111111111111
1111111111011001111011110
1011111100111111011011011
1111111011111111111101101
1001111111001111100111111
1010101011001111000101010
1101110111100110110100111
1011111110111100000011011
1101000111110101001111110
1110001111011111100101111
1100111101110111010101111
1101001110001111101111010
1010110001000001011101101
1010101110111011000111111
0011010101110110111011111
1011100110111010111100000
1111011111011100111011111
1111111000110110101111100
1011111111000101101111101
1111110011101111110010111
1101011110101111110111101
1101111110101111111111001
1110101010110111101110100
0110111101110110101110011
1011100111101110100001011
1001010110111011101010111
1101101111011101010110101
1110000111100110111101101
0111101111101111011111111
0011011110100111101111011
1111100110101110101111111
0110011111010111111111010
0011111111111001111111011
1101100010111110001001101
0101110101110001111111111
1010111110101111011000111
0111110100101001110010111
0010111111111111111111101
1101110011010101011101111
1101111101000110000111111
1101000000111000110001111
1111101111111011110011010
1101011001111110001000101
1010111111111011100001111
1100011000111111111110001
1111101011101011111110110
1101111110011111111111111
1111110101111011111010010
0100011010111111110111111
1110100001111111101101111
0011111110011000011011110
1111101101110011111111010
1101111011110111110100011
0011101011111111110110110
1011011111101001100111111
1011011111100101111011111
1110011111111111110111110
1101111011111110110111101
1101111011100111111111111
1101100111110011010111001
1111010110111110011000111
0111100101111101011111111
1000111110111111101010101
1101111111001101111101001
1101101110101000010111111
1111110001111111011111011
1111111111111110111110101
1111111101011111000010111
1111110111110110111100111
1101011101001111011001011
1111111111011101100110110
1111110100011110111101011
1110111101111111110111111
0111101011110011111111101
1111111101111111011111111
0111010110101000011001110
1011011111101001111111110
1111110110101111111011011
1000101111011011101100110
1110111011111111111111111
1111101101111110101011011
1010011011101001010111011
0011010001100010111100111
0110100111110101001111001
0101110001101001111011011
0011101111111111111101111
1011001110111010001011111
1011101111111100111010111
1110010010011110111111111
1010111111111001111011111
0011101101111111011111110
1110010101011111111111111
1000011101000100111011010
1101101101110001100101001
0111011100110111010111001
1011110111111101011111111
0110111100100011011101111
1001010111111111101111011
0110111010000110100000111
1010111100010100011101111
0111010011011011110010111
1010011110001111110111111
1011010111111111011011111
1011001110001111110011111
0111111010110110011110110
0011101100011100111011110
0011001010001011110111101
1111110101101111111101110
1111001110101111110111101
1111111110110111100111111
1011000011111001111111111
1101110111111111101111110
0110101111111100101110111
1111111100010001101111001
0111111111110111011101101
1101010111011100111011111
0010110111011111110111111
1010101001011111010110110
0001111101011111011110111
1111011101111011000111011
1111110010011111111111111
1111111110100110111001010
1111010111001111010101011
0011111010101111011100111
1111110111011111010111111
0101111011010110011011101
1101111111111100100011101
1111100100011001101001011
0110111001101010100101111
0110111101111000101001001
1101111111111110100011110
0111101101011111111110111
1101101010011110100111110
0111111011111011101111011
1101111010001111101111111
1110111010110101110111111
1010010110111110101011101
0100111101100101111101111
1111001011101111000011100
1001001011111110101111111
1100111111010010101111001
1011101001110110011111011
1111011101011111110001101
0111010111110101101001011
1101011011100100011101010
1111110011111110011111110
0011110111101100010111011
1110010011111010111110111
1111000111011111001011101
0110101101110111111111111
0100110111110111111010011
1111111110011010100101111
1111111111101111111100101
1111100111101011011010011
0100011111110111111010110
0101100101110011101010101
1111010100011111111010111
1101100010111111111101111
1011101011011101011011110
1001110001001100111101110
1111110100100110110110011
0110111011000111110111111
1111000101101101101111111
0111101110111111011101100
1010110101111110011111011
1111110111111111000110111
0101110111100100111111011
0001111111010010010110111
1111110010100101101011101
0111111111110111010111111
0111001011110100110011111
0111111110010111011111110
1111010011111100001000111
1111101111111110100101010
0001010111110111111001101
1111101001111111111111111
1010010100111111011110001
1111111011011111011111011
0100100111001111111101111
1101100101111111001001101
0111110100110111100100110
0111001010111011111111011
0000001001001101011011011
0100100110011101110011000
1101111111101101111101111
1101011111000110010101100
1111010111011100100111010
1111111111101101111001000
1111101110111011111001111
1110100111111111101101111
0100110001110111101011111
1111001011100001001101011
1111001011100011110111111
0111110110111011010010101
0110110111111111010110111
1101110101101110111011110
1111110101111011110001110
0111010111001111101111011
0011100111111111110110011
1100111111111110011110110
1111111101011000110111010
1101101101110111011111101
1110011010111101110011001
0101110001111101101111100
0011011111111110111111111
1111111001111011010111111
1011111110111101111011000
1110111101110101100011101
1010101111011100011110001
1010001111000111000101110
1111111011111100101111011
1111110111000110100110111
1110111011001110111111111
0011010011011001011110110
1011110111101111100111011
1101101100110011111111011
0011111000010111001111111
1111111111101011101110111
1111111101110100010101110
1101100111110001111111110
1111111111110100101011001
1110111111011011011101110
1111011111001110111011111
0111111010111101111111110
1101111010101011101111110
1111101100111110011011111
1100011110101111001100011
1001101011011001001001011
0110100011010110011110010
1111110101001111011011111
1001111110110111000011110
1010110110011110101001011
1111111101010101001010111
0101110100110011011011101
1111111111111010011001101
0001011100111101111111001
0001101000110111111111011
0100101100110011101100111
1111010001011111110011111
1010110110001101001011110
0000111110000110110100011
0101111011001011111111011
0001011111111111111111101
1111111110110111001111111
1111111010010001101011111
1001111011110101011111011
1111110101111111111101111
1011011111111111101101111
1110010011011101101110111
1101101011101111101010011
1110111011101110011010010
0101111111011111001100101
0101111011110011011101111
1101111111101111111111010
0000011110110110101101110
0001111001101111100011110
1110110111011010111011111
0011111000010101100111101
1011111011110110010011110
1110101100101011111101111
1110110111111101010011011
1101101101111100111110111
1010111110110011110101110
1111010111110011010011101
1011111111110010111110011
1101101010101011001101111
1111000111100111111011111
0100111011011110111010110
0010011011111001110011010
1111111011110111101111001
0011110111101001010111100
1011111100110111010010111
1111111110101110111010110
0011100011010110111111111
0111111111101011100110100
1111010101111111111100111
1110111001111100010111111
0101111100000001011111101
1001100011111001110101100
1011001011111101111111011
1100010011011100110110111
0101111000011101110000011
1111111110010111101101101
0010011000111111101100011
1111111110111011111100010
1011110101110000010011110
1111101011111111100001111
1101000010011011101111001
1110101111111101110001110
0101111101110011101111101
0111111111100111111111111
1111111011101011100101011
1110111011111110011011111
1011101010011011010101010
1100111001111101111011111
1110110101111011111001101
0101001011111111110111110
1011000101110000101111111
1001111001011111100110111
1111111010110111111110110
0111111111110111111111110
1101100011111011101111111
0101011010111101001001111
0111111101111100111011110
0110111111111110110101110
1111111111011101110100110
0101001100100111011001101
1111010100110100101010011
1110011101110111111100100
1110110101000011111101101
1110101111101011100111110
1111111101110101111011101
1110111111011011110111111
0111011111110110101111111
1010111011111110111100101
1011101110111111111010100
1100110101000111111101101
0111101110010111111111101
1011111101110111101110111
1101110111101111011111101
0110011010011111010101111
1011011101101101110001111
1011001111110110110101110
1000001000011110110111101
1101111001011011111111101
1110100001101111101111000
0101111101111101110011101
1011110111111111111111101
1110101101111111101111111
1001001111111110011011111
1101110101011000110111110
1111110011001100110110110
1011101011101110011111011
1111001111011011011101100
0111110111111011000100111
1110111101110011111101111
1111001000011111111001111
0110101001010111111101111
1111111001101000100111111
0111111110111101111111100
1011000110100010101110000
1110111011111100111111110
1110011101110100100001111
0110111110011011110110000
1111110111010111111011110
1111011110001101111111100
1011001111000101100001001
1101101010011010111111011
0111010000100110011011111
1111111110110011001010100
0101011110010001100111001
1111011110011111111110110
1100111101111111101100001
1101111101110111110001111
1101111011110110111000110
1111111111101111011111101
0110001111111000111101011
0111111111011011001100110
1001111010100111011011111
1101111101111101010111010
1111001110011001101100101
0111111110010111110101101
1111111111010110111101001
1100101101011011000101111
1111011010010010101001110
1101111110101111001110111
1110110101101111011101110
1111100111001001011010101
1010011111111101101110101
1111001110111011111010011
1001111111111111010110111
1011110111011001111001001
1110011011010001101111101
1111111011110110011100110
0111111111010111001011001
1111101101111110111111101
1110000101010101101111100
0101101110111001011101101
0111101100111010110011010
1101111001110000000100101
0100011011101101110111111
1111011110101101100110110
0001010110101110111110010
1110101011010111111111100
0111110111011010010111010
1001111111001111010111101
1110101111111111001111101
0011010001111011110011111
0110011100011111001101110
1010010111101000001110110
1000011001011001100011111
1111011111111101111010101
0111110110000010011110010
1101111111011111011111101
1111010011100111001111011
1111000101111101010111011
0111111111101110001111010
1111011111001101111111111
1111111110100111001101011
11111
