1100000000110110000101100
0110000011101010100010100
1000100100000010100000101
0000100100101110001010000
0110101111001010100001010
0110000010001100011001000
0011101101110110000110000
0000100010000111001001000
1100000011000010011111001
1011100110000100001001101
0100001001010110101100111
1001100111001010110110001
0110100001111100101000111
1001100000110011000000001
1011001010001000010000001
1000000010111100100000000
0000000101010000000000101
0010000010000001011100111
0010011001000011000001001
0011001010010101000010110
0101001100000000000001100
1100000000000001001100110
0111001101001011000000011
0011101110000000101000001
1100010101000010101010100
0010110000000110100100001
1100111111000010100001011
0100100010111110100101110
0000101111101110010110101
0011111110010000111100100
1101010101000000000110010
0111101011000001010000000
0010000111000000011010001
1101011000001010010100010
0001000101111001011000010
0100010010001010000010000
0101001001001101000010001
0001000100001100100000011
0011100011000110010100000
0110000111100100010010111
0001100010010110010111001
0001100011011001110001001
0110000001011001010011000
0011011001111110001111000
0111100001001000001010000
0010011110010000010011010
0011111000010011100110010
0000011111010001101000000
0010000111011000100000101
0101010011000000001000010
0000001000001011101110010
1000000000010011010011010
0000101100010000001110011
0100101110011100110001001
1000011100011001101111000
0011100110101100001100000
0000111101001011110000010
0100010001010111100100100
0001001000010000000000000
0000000000000000001100001
1011111011001110100001011
0101001010000000100011000
0001001010000001000001110
1101110100100000100011100
1000000001110111010000011
1000111101010111110000100
0100100010010001100000000
1001011101000001001000001
0010100100000010000001000
0001100101100110000011100
0000001000000010001110111
0010110010000011110111100
1001011000000001000010110
1100110000101001010000100
0011000010101011000100010
1010100101101000000011011
0100000011001011010000000
0110101100110010101000101
0000000001010011110101110
0101000000101000001011110
0000000000000001111010010
0000110101001001001000100
0011001001100100000100111
1110010111110100001000000
1100110011011101011110001
1011110000001111100111111
0010111001100001001000000
0110100111011110110110001
1101110100000110100011010
1111010100101010010100000
1101100010000000001000000
1101000011110001010111101
0000000110000101010100010
1111001100010000010111001
1100111001000000100110110
1000100010111110100100011
1101000001110000000001011
1000001010111000000110000
0111011110001101111001011
0001000101000000001010010
0000110100010011011001000
1010100100001101010000100
1100011001100010000010010
0100010100111010101100010
0100110111011010111001010
0011010011110001101011100
1000001011101110110010000
0000001100001100100011001
0101100010000010011100010
0111110000000001011000011
1001111111010100011000011
0001101100000000010110000
0111000111001111101000000
0000000101101010010010101
0010110110110010011100100
1001110011100111101000101
0011111110010101110000010
1111000001011110101000011
0000011011001010101111000
0101010111111101111011111
0011001110101000001000111
0111001001011100101111100
1111110001101101111101010
1011001101010111011011110
0110011011001110101100100
1101011111110110010001111
1100011010010000011100001
1101110010011000111011010
1010101000100000110011101
1100011001011000101100111
1010011101110100011100101
1000101010100110000100100
0010000000011101011001111
0000011111010111110010000
1110110101000000010111100
0001100111000011111011110
1001010001010000110110001
1100010001010001101001010
1000110000010001011001100
1110111001010001010000011
0100100001001001110010111
1010111111011100000110001
1001001100100000001101100
0110010110110001011010110
0111100000100000101110001
0101011000000010101110100
0000000111001100001010010
0100100011110001111111101
0011110010101010001000110
1101101000000010101100101
0111110101100011001111100
1110000001001001001101100
1011110110100001010001111
0011010010001110001001100
1100111010001010010010101
1110010101100111000011001
0010011011111110110010110
0001000110111101000100000
0000111011101001110111000
0000110110110100011110000
1001100000100000000010000
0000000101000100001001010
1100000001111101010000010
0100000101011100001110101
1011001100000010011000110
1001011101111100110111111
0010110001000001011100011
1101001000000010011011111
0100110111101110010111101
1101101100100100111010010
0001101100010100101111010
1000000010011111001010010
1100011100001010000111010
1001011000001100100001010
0001111000100101001110101
0000000011110110110000010
1101010011110010100111010
1110010100000111100001010
0000101100111001001100111
1001000110001001001111001
1111010111001010100010010
0011001011011011000110000
0001111000101000010011100
1010000100001000011001000
0111110111000110101000111
1000111000011110110010001
0101001101000001110110100
0000011001011001111110101
1111100001001111010010101
0000100011100100001000001
1000100101001000100101100
0010010001111000001001111
1100100011011011001010000
0101001101001010101011110
0011110000101001010100010
0100000001000010011001000
0111100010010000011000010
0101000010000101000101100
1010000110000100010011101
1101010000110000000010000
0000110110011110001000101
1010010000001010110010011
1000000100101110110001100
1001011001010001100100101
1000110101011101110010100
0000000111011100011010000
1111000100001011000110011
1000010110110001010101000
1111000100010110110011100
0111111100110010011010111
0010010111010111101001011
1011001101011110001110001
0010111010100000100100011
0100011010101100000110101
1110100101110110011010110
0011011001001010011011110
0101000110111010001011000
0100111010111100000010011
1111110000110001110110010
1100110110101001000000111
1100001101110111101001101
0100110010000011001101011
1000100011010000011111001
0000010110100001011001000
1010000000000011000011010
1000101101101010010100001
0011111111011010001010101
0011000010100000011101001
1000000110101001000111100
0001100010110101101110101
0101011011001011010101000
1110000100110111011110001
0010011011000011100100100
1110100111110100101101001
0101000111010100000010001
1100010001101000101101100
0000011010110010110001111
0010100110100111111001011
1001101001110111010100010
0110100100110110101011111
1000111111000101001101001
0011001001001111100000000
1010001101010010110011000
1011001011111110000100010
0000111011101100000101110
0001111000010010001011101
0110001101111110101101000
0110100000001011001110100
1111111110010011101111101
1100101010100100011000010
1000001101100100000000111
1011111110111100110000111
0011011100100111110111000
0010101010011111011000000
1110010010100010110001001
0001000100101001000000010
1011111100101001000101101
1101010010001100001111010
0010000101000110111100101
0000010100000000110101001
0110011101000110000001110
0100000011110000110000001
0100010000111111110111111
1011110000010000011100011
0000000100001110110000100
1011110110001101010010111
1001110100111010000101101
0010001110000110010010100
0000010001001010001100111
0000100011011100001001010
0010100100010110000000100
1001000111000010000010100
0110100010101001000110010
0100010011000010100110001
1010100000100101111100001
1000000110001010111011011
0000000111000100010111000
1011011111010010101111000
0110011101000100011000100
0110001110011001011000101
0010000010100101110100001
0011000010000000101101000
0010001010000010000111000
0000010000111001110000100
0001010010100011000111000
1001000000010110001000110
0110001101000010000110001
0101111100010010100101000
1011100100010010000001101
0100001100010111110110011
0100001001010110001011111
1101001010010010011100111
0111110011100111011110101
1101001010011101110110000
0010000101000111001001000
1101000011110000110001100
0100001000111000101010111
0001000000000110010110101
0100001100011001100000000
1001000010000000001101010
0011000010000000001001001
0011000010000000000010000
0010100100100001000100001
0011100111010100011101110
0000000100100011011101111
1111100000100001111000000
0000000000000000010010101
1000010000111100100010111
0100011101101101110001011
1100000000001111000000011
0100100000010100100010000
0010101000101011010000110
1111011000000011011000010
1110010110010100000101111
0011001100100000011001011
1110111101101101100110000
0000010010100100011011110
0001010111110101001101010
0010001101100000010011101
0110100000000110000001010
1001110001010100101111111
0111101101111000100111100
1000111011000100110010010
1110010000110101110000010
0010110000111001001101011
1000001011110011100110100
1000010010000000110001111
1000010011001001110000100
0010001011000001010111101
1100001101111010100011001
1110000101001100110010101
0111111101001101111100001
1001001000100111111000110
1001101000000001100010000
0001101000000110110010111
0111110100001010100001010
0111000010101101100110101
1111000100110101101000011
0101000101110101010100100
0011100001101010111001110
0001111001000111010100100
1001100011000100110010011
1111111101011110010100001
0001000001011011110111100
1001100111001000101100000
1111110000110111000001000
0011110100000011010001101
0011000111010110101100011
1110000101001111000001010
1000111100101110000011001
0111010010111010001101010
0001011100000010100010010
0000010100000001000000001
1000100011010000010110010
0010010000101100100010010
0001001100110010101000100
0101000111000001100000010
0000000001110111000110100
0100011010101011001011001
0111100111011100101000000
1111101011011011110101000
1100001010000000100100111
0001011101101001100100010
1110001111010110001000001
1111100001110110111110101
0110010110111001010100101
1000101000110101001111010
1101101101010001001101110
1000110000100001000101100
0000110110010000001011000
1000000000111001001000001
0110101011011010110101111
1010001011011110011001010
1010000101100110010001010
0000001010100010111101011
1000110000111001101010100
1111100101110010100111011
1000000010110111001100100
0011111101101110001110001
1100001010000110010110000
0011001001011011001010100
0000010011001110000101111
0000100100011001011001011
1011011001111011000110110
1010100110101001010010100
1001010001111010100101110
0101101010111101100110100
1010011001100100000101000
1101011000001101100100110
0000000110011000100011011
1100111100001111010011000
0001110100000010101110101
0111100110001011010100100
0001110010001100001000100
1000111000101011101100100
0001111010111100001110001
0010110001101110011000000
1000000000010000100010010
1001101011100111011011001
0100100000110110001011001
1001
