1111110001111101011110111
1011011110001111011011111
0001111111011100100010011
0111111110011111111110101
1111011011000100011011111
1101111101010100110010010
1100011100101101011011110
0111100100110111111010111
1101011111011111011100111
1111011100111011011111111
1101011111001011011101111
0110101111001011111111110
0111101011000110100111011
1100101011100101111101010
0111111111010110110111101
1001011010111111001111100
1000011111110101111110011
1111100001101111110110111
1101010011111001011111111
1111100001111111100000111
1111111100101111111111111
1111110111110011000110111
1111010001101011011101111
1111010111011010000111111
1111111101111000101001010
0111101110100101111100101
1101111001010111001101111
1101111111010010101100010
1110011111011010110111110
0111111011000111111010110
0011110110101011111111111
1110111010110111100010011
1001111111011011111111100
1101101110111110111111010
1000100001110011011101001
1111010111001001111100111
0110110101111111011001110
1111000111111100111111110
0011110111111100110010110
1110100111111011001000111
1110111111000110111100111
0111111010111110100101011
1111101101100110111011101
1110111101110110111110011
0111111110111111101101111
1011111111111111111011110
1101100111011110110011101
1111011001011000101011001
1110110100110111110111110
1101101101110001011111100
1101100001011111110001011
1110111110111111100111110
1000111101111110111101101
1110111011101111101110111
0001111111100011111011011
1111011110111100101111011
0111111111101100111011111
1110101110110111111001101
1110110111101111111111101
0111000110001011100101101
0111110111001110101101000
0110110100011111110100101
1111110110101110011011001
1110111011011010001111110
0111100110101010101011010
1011100111111111110110101
1011101011110001110111111
1111001101100111101101101
1111111111011001111111111
1010111111010010110001010
1110011011011101111111110
1101111111010111111111101
1011101111110110110101111
0111111001001111111111011
0011111110110001001100101
0100011111110100100101111
0011010101100111011111111
1110001111010011011011101
1111110010011111111101111
1010111100110111000111110
1101110001111001110011101
0001010110110110101001111
0110101111100010100111101
1111011001101110010110001
1000011101001101111010111
1110010111110111101100111
1101111000111011100001011
1100101010111000111010100
1001111111011111111011010
0110001001110110010110010
1110110011011100011010000
1101101001101111000010111
1011010101010111111001111
1110101010100111111000111
1100000110101110111111111
0101111111010111101101110
1001111101111010010111011
1010111111110110111010110
1111111000011110100111111
0011011010111110111101011
0010111011011010100111101
1000111111111010111111111
0111011000111110111110111
1110110010111111111000011
1111100110100101111010011
1011010011111100101101011
0100001111111011011010111
1111110111100011011101110
1011000101111111111101100
1110101010100111011010011
0011101111101111110110110
1111011111011111111111111
1110111101011011101111111
1001111111111010110011111
1101111101111100010111001
0111101001110111110110111
1111111111011111010010010
1000111111011011100011111
1011111111111111110111011
1111110111011010111111101
1111100111110101110111011
1111010110110110111001111
0011111111011111110010100
1010101111100010110100101
1111001111011011111101011
1101101111101001100111111
1011111111110111101011101
0011101010101101110111110
1101000011111111011111001
1101010111011010011011101
1101111011111111011111111
1001101111110110010011110
1111011111111101100110111
0010100100111101000100010
1011110111111000110110110
0110110010000111010110111
0110001101110100010111101
1010111110010010011110010
1001010100110111110101000
1001010111010111111010111
1001001010011100110011111
1101111011111010110111100
1111001011011111111000111
1010111011010110110111010
0010101010011011001001111
0101011111000111110111111
1101111101111011000001000
0111010000000111111001111
1101001101111011100100000
1101111111100111111011110
0110001001111010111011111
1101111110111011111111111
1011101111111111111101100
1011111110010111111001111
0101000111111111111100010
0101010101111011000111111
0011011000010101110010101
1010000010110101000000001
1111101011011100111111100
0001111011010110111100011
1111101100101111110000101
1110111110110101010101111
1111111111111110111111011
1111110111011010010110111
0111100101111111010111011
0011111111111111111011110
1111111001110110110111001
1111011111011100111100111
1111011101111111100110111
1101110011100000111000010
1111110111011110101101111
1110100110110001111110100
1101111111101000011111101
0111100111110110110101111
1110111111110111101010011
1011011010001011101001100
1010011111111101111101001
1011011110001101100010101
1000110111100111011011111
1011001010101001011011011
1010001110011101101101111
1011001101110111011111111
1101111101111110011011101
0011001011111011111101110
1011010111011011100110110
1110110101110010111111110
1011101111011111010110010
1001111010010110001111111
1101011100101110001111100
1101101011101110001010101
1101110101111011000101101
1101111011011000011101101
0111100111111111011110101
0011111111111010111111110
1101111110101011111011110
1010110101001001111111000
1101110100011011111011011
1101011100110011001111101
1111101101111111011111101
0111110101110111111111011
1011110100011101111111111
1111101101110101101111011
0001111101000101101111100
1010010011011011100101101
0111101111111111111011111
1101011111101101001111101
1111011111110001111000011
1101101100101011111111110
1110010111001111110101011
1001110110111001010110101
1110110110000110011111101
1011001111100001111011110
1011001110101011111111111
0111100111010100001101101
1111011111001011011000101
1110111101011111011111011
1100111111111011111111110
1100110110111011110111110
1111100101111101111111111
1110000111110001010010111
1101010000010101011101101
1111111000010111001100110
1000111111010011111100111
0101011101001011001101111
1111011100000101101100010
1111000111110110110110111
0011110100011111011001111
1101011111100110010011110
1110011110000101110100011
0110010111011011101111100
1011111001010001010110111
1001101111111111111010111
1100110111111100011101101
1111111111001011011110110
1111001110111100111101111
0011111110111111111111010
1010011110001110100101100
0101111111011101011011011
1110111101100010111011111
0000011111111110111101001
0101100100111111010101111
0111100011001110111110111
1110010101011101100010001
1101111110011111001010101
1011011011111010011111010
0111001111101101110111111
1111111110011101110110011
1111110010111010011101011
1001110110101111001110110
1011101101001111111010000
1001111110101111010111011
1111101101111111001111011
1110101001011011111110111
1111111111110111111011111
0101011000100001110011110
1011110111001011111110111
1111110001111011010011110
1110111100110011101111111
1011001111101011110111011
0010111111110111111111101
0111111101011111110111101
1111101110110011111111111
0000111110110100000110111
1101111101111011000111111
1101111010001100111110001
1101010111111101011011110
0111110110111101101111101
0100111010101101101111111
1011111100111111111010111
1101001001110111111111111
1111110111011101111110100
1001011110010111111111111
0011011110101101111011110
1110001111101101110011001
1101011011101010111101111
1101010111011111111011010
1001011111111001011111011
1101111101101011001111101
0101111010111110101100110
1000011111101010000111010
0100011101001011001101101
1101110101111100001010011
0001110011111110100111101
1000011101011111111010000
1100001011111111111111010
0100101011100101101101000
1010111111011010101110111
0011110010111000110001000
0000111111111010010001110
0111110111011011001110001
0001111111010101110111111
1010111010111001111111011
0111110001001001111001111
0011001110101100011110110
0101001101011111111011011
1011101010011100011001111
1011111111011011100111101
0101111100110110001110001
0101110011111111101111110
1101001111111111111111101
1101110001111101111101111
1111101101101011011110111
0110110111010111010111011
1111010110110100111101011
1111101111010101111010101
1010101110110101110111101
0111110111001111001101111
1111101111111110100111110
1011101001011000000101100
1101001011010111110001101
1111011111010101011000111
1011101000011100111111101
1110101111111101001101110
1001111111111011111100111
1100101101110111111100001
0111011100011111110101100
1111101011101110101001111
1101011110010111010100001
0111111100101011100111101
0111001011111100101100101
1111111101000110111101101
1110011100100100110011111
0100101100011111011010110
1010111010000100000101011
0100000010100000100010111
0001111001011111101101111
1011001110011110100010111
0011101110111101011101010
1111110100111110110111100
1001111110011011010100111
0100111111111110111100111
0001110101100101011101101
0101100111101101001110101
0101010111111110101100001
0011110011010111101110111
1111111001000011110010111
0110101010110010001101100
0010011001111011111111101
1110001111111101110011101
1101001011001011110111111
1001111111110001110001111
0111010110111110100001001
0011010000110110001001101
0111111111110111110001000
0000101111111110111110000
1101100111111101110010000
0111100011111101010101101
0110000111111111001010101
0010100101111101111111111
1001101111011010001000110
0110010000011000101010010
0101010001110001011111110
1100010101011111101111001
1101111111101101111011001
1011110010100100110101111
1101011111111111110110101
1100001101110111110111100
0110001111000111111010111
1100100000110111011101111
1111010111101111010001101
1011110100010101010100111
0010111101011101010000110
1101001111101010111100011
1110100010100010110011101
1111111001101111111110001
1000011110100110111110000
0001001111110000010001111
1111001101111101110010100
1000111010111100110101101
0111011100111110111001011
0111000110010011011011110
0111111110110111101001100
1110111011101001110101001
0010111111100110111011100
1011111110111111111011011
1101011010110000111000011
1111011111110101111011000
0011101110010000111111000
0001111101011101110101111
0010110101111111111101011
1010111000111000011110111
1010101011101011001011110
1110110011111011011010111
1110101101011111010000110
0010111011111101100000101
0111011101111000011011001
1100101111101111100001111
0111101001111111110011101
1110001111101001111111100
1111110000101010011001111
0011000011011000101000001
1111010010111101100101001
1111110111110111110110110
0111110110011011111110101
1111001000101100010101010
1100110100001111111111011
0101100001111100011011110
1101101001111010100111101
1001110110101001000000010
0100110010011001101100111
10100
